0 --> 283 870 450 277 357 277 65 616 510 169 882
1 --> 243 348 430 99 712 419 743 250 104 824
2 --> 356 661 843 385 315 870 642 654
3 --> 847 370 784 755 472 169 521 38 565 479
4 --> 876 29 815 886 956 543 72 635 156
5 --> 792 224 615 624 142 742 871 562
6 --> 836 369 564 366 550 873 76 516 780
7 --> 582 360 440 181 102
8 --> 592 290 908 74 978 49 475
9 --> 131 849 614 45 172 829 9 225 273 474 438 812
10 --> 829 202 837 587 193 475 25 785 305 838 473 227 100 729 543 551
11 --> 507 490 114 403 848 651 242 906 503
12 --> 862 544 847 121 80 53
13 --> 322 732 534 950 191 914 659 862
14 --> 138 305 143 638 283 348 461 454 801 32 803
15 --> 521 728 945 876 738 768 92 813
16 --> 210 705 182 404 186
17 --> 443 827 666 823 202 552 659 937 575 304 546
18 --> 231 845 918 892 272 904 64 614 619 596 906
19 --> 995 58 425 380 537 146 481 766 904 888
20 --> 270 845 874 819 244 747 223 748
21 --> 880 662 110 345 963 263 519 832
22 --> 900 54 246 650 282 283 708 684 535 168
23 --> 2 221 75 347 632 968 472 120 491 664 23 169 171 301 558 285 210
24 --> 588 308 932 509 553 966 488 327 337
25 --> 71 800 390 682 216 983 595 119 628 337 765 771 191 907
26 --> 501 807 465 332 186 358 173 530 973
27 --> 265 678 191 942 666 807 495 7 539 115 934
28 --> 742 193 448 49 172 323 738 29 218 255
29 --> 222 552 409 599 334 650 627 86 697 174 746
30 --> 406 378 864 839 341 220 855 377 373 291 991 573 994 60
31 --> 736 388 514 210 622 78 684 166 607
32 --> 224 139 580 725 480 102 79 800 285 55 302 743 785
33 --> 970 645 723 6 565 928 488 641 241 435 793 63
34 --> 326 816 204 391 626 585 784 413 933 591 717 265 189 511 882 846 953 187 158 293 821
35 --> 363 464 598 423
36 --> 203 438 823 265 501 745 726 769 761
37 --> 779 692 740 299 909 445 959 455 502 88
38 --> 237 50 939 996 260 429 591 574 857 612 173 764
39 --> 593 197 499 336 734 620 716 771 874 636 462 11
40 --> 906 583 332 440 715 461 310 298 444 680
41 --> 886 263 837 530 638 509 152 673 878 954 41
42 --> 815 833 25
43 --> 108 978 568 389 980 910 575 754 157 352 860 560 404 899
44 --> 633 509 360 641 124 736 393 452 997 130 471 676
45 --> 332 113 721 892 823 635 236 655 286 861 697 555 621 514 314
46 --> 681 8 731 571 645 489 974 72 848 152
47 --> 905 42 785 804
48 --> 670 172 434 233 561 524 810 627 437
49 --> 557 844 900 726 21 322 295 908 597 553 122 775
50 --> 912 252 2 426 550 143 870 221 624 435 785 448 507
51 --> 107 897 481 791 924 122 209 611 311 14 690
52 --> 732 543 320 713 369 540 575 987 501
53 --> 905 905 121 968 413 806 426 319 872
54 --> 542 375 242 520 24 167 418 641 98 267 630 439 602 246 541 156 550 664
55 --> 608 365 424 875 544 884 59 810 763 710 770
56 --> 441 296 291 325 879
57 --> 406 978 740 147 46 253 895 29
58 --> 161 434 381 880 70 520 77
59 --> 368 204 852 704 291 589 80 81
60 --> 475 154 315 523 452 124 653 389 194 78 540 987
61 --> 48 808 758 653 336 502 663 487 357 861
62 --> 345 410 557 193 980 82 28 272 702
63 --> 232 507 880 349 74 305 35 711 875 642
64 --> 998 781 169 535 677 979 820 29 384 821 592 973
65 --> 615 668 573 547 954 676 192
66 --> 213 839 86 273 885 530 133 923 195 846 784 29 358 68 892
67 --> 803 111 587 464 580 410 2 835 271 684 21 909 550
68 --> 291 697 773 146 230 430 990 663 760 821 206 856
69 --> 780 134 224 347 249 747
70 --> 159 114 241 7 598 102 322 444 839 148
71 --> 331 563 442 450 898 104 696 722
72 --> 560 372 816 806 313 23 362 387 568 733
73 --> 941 373 364 492 376 130 78 900 913
74 --> 880 744 25 241 573
75 --> 833 35 418 884 331 479 610 635 756 860 775 703 565
76 --> 756 843 889 784 843 918 626 20 609 36 465 44 583 676 852 18 847 552
77 --> 927 338 282 677 152 340
78 --> 482 491 457 83 308
79 --> 455 811 729 809 755 436
80 --> 397 730 633 890 561
81 --> 403 521 509 288 905 400 188 944 469 409
82 --> 413 952 172 183 714 570 717 977
83 --> 218 622 241 661 468 400 699 375 960 145
84 --> 564 488 27 178 166 415 904 940 714 806 443 199 556
85 --> 57 625 556 274 744 713 971 796 742 104 852 127 659 972
86 --> 303 445 66 244 757 579 146 900
87 --> 212 145 652 723 105 554 36 591 9 595 481
88 --> 142 460 618 419 349 955 404 3 847 743
89 --> 279 502 973 578 707 324 368 49 341
90 --> 95 866 729 266 348 122 632 108
91 --> 540 589 639 497 512 491 786 581
92 --> 193 79 797 624 924 73 479 68 952 389 892 202 872 766 42 149 253 68 886 241
93 --> 828 284 70 346 661 403 810 796 661 905
94 --> 354 979 518 387 728 179 130 949 192 310 924 7
95 --> 186 355 194 458 526 157 255 33 722 157 316
96 --> 574 696 943 972 428 729
97 --> 693 19 199 582 129 280 544 711 277 700 319
98 --> 509 661 403 343 100 86 190 152 415 149 825
99 --> 83 976 193 32 490 22 556 13 469 152 540 437 994 136
100 --> 240 541 169 362 809 480 13 591
101 --> 413 507 94 927 969 336 425 404 610 501 598 91
102 --> 290 700 509 514 147 932 296
103 --> 43 643 938 858 450 945 246 786
104 --> 901 685 481 230 896 947
105 --> 109 457 542 329 311 609 381
106 --> 440 449 372 582 423 986 209 386
107 --> 494 419 465 501 140 762 862 869
108 --> 548 456 625 318 461
109 --> 815 589 865 707 486 84 997 931 519 871 393 301 454 671
110 --> 180 882 106 5 9 170 101 173
111 --> 566 492 606 855 105 209 196 485 875 740
112 --> 190 412 1 490 89 121
113 --> 408 286 26 261 643 125 378
114 --> 87 47 0 493 143 261 554 299 673 328 757
115 --> 255 402 274 899 387 778
116 --> 840 378 670 31
117 --> 88 790 793 989 165 844 337 102 176 710 357 433 752 983
118 --> 860 433 531 613 57 599 352 55
119 --> 757 791 884 308 182 418 714 544 928 801
120 --> 765 920 435 966 784 9 109 936
121 --> 34 614 466 469 102 920 753 566
122 --> 447 288 525 273 143 786 653 866 278
123 --> 251 915 801 304 116 809 371 812 490 627 312 940
124 --> 530 186 182 58 653 998 527 86 285
125 --> 541 7 851 669 559 935 193 994 85 282
126 --> 993 162 364 90 223 921 650
127 --> 324 246 902 456 249 894 166 484 497
128 --> 528 635 971 841 543 763 616 657 585 272 485 527 595 463
129 --> 15 785 948 721 843 890 413 275 64 836
130 --> 262 753 494 873 263 864 469 191 209 468 661 284 469 395 982 522 107 819 814 264
131 --> 474 489 584 427 547 825 496 105 556
132 --> 739 492 389 250 842 189 306
133 --> 754 675 490 947 976 308 761 2 347 997 635 786 863 337
134 --> 43 225 434 433 321 718 541
135 --> 89 917 101 923 443 320 207 243 864
136 --> 67 466 176
137 --> 45 665 372 908 289 929 671 293 784 462 842 828
138 --> 267 775 849 807 852 587 362 861 733 662 326 265
139 --> 807 437 253 458 487 339 107 284 242 180 625
140 --> 441 918 399 940 830 116 21 931 190 815 101 61 602
141 --> 438 829 246 71 148 68 755 214 276 974
142 --> 60 730 397 929 183 204 60 923 186 782 855 471
143 --> 138 721 639 699 800 609 847 9 349 244 379 215 650 781
144 --> 590 385 658 381 676 549 451 481 353 782 613 291
145 --> 646 852 581 544 410 685 740 825 652 248 574 267 994 740 123
146 --> 779 900 761 571 791 985
147 --> 978 279 952 941 442 47 629 6
148 --> 452 758 100 904 233 44 577 986 861 395
149 --> 575 643 285 823 780 828 534 868 230 636 883
150 --> 920 400 888 289 788 462 84 362 475
151 --> 684 647 690 714 931 232 784 685 562 754 648
152 --> 889 867 293 778 183 708 652 894
153 --> 100 17 870 288 687 673 762 835 37 201 149 249 829 18
154 --> 597 177 742 883 144 703 515 333 772
155 --> 343 517 500 24 385 936 377 70
156 --> 527 478 875 969 183 134 668 10 856 283 861 404 341
157 --> 936 41 470 788 74 432 940 761 294 59 91 593 992 560 884
158 --> 534 515 856 0 77 461 478 773 207 628
159 --> 631 233 233 857 468 104 160 888 122
160 --> 438 233 341 823
161 --> 608 696 641 928 5 703 560 199
162 --> 444 136 375 548 971 825 632 509 469 82
163 --> 933 209 878 594 905 89 686 262 264 383
164 --> 843 108 473 644 222 441 231 769 528 368 221 349 224 534 708
165 --> 810 91 850 558 754 134 310 773 587 616 155 948
166 --> 545 948 249 492 49 773
167 --> 750 97 87 857
168 --> 331 300 506 659 78 41 632
169 --> 549 982 148 440 612 42 409 601 220
170 --> 184 491 234 577 570 976 836 615
171 --> 487 409 602 959 260 712 914 566 833
172 --> 666 770 918 538 361 138 54 904
173 --> 872 880 776 969 94 382 663 583 101 287 314
174 --> 387 181 566 862 629 850 253 635 892 393 126 788 366
175 --> 32 25 583 233 874 777 480 869
176 --> 36 328 544 656 37 347 504 817 622 314 514 319
177 --> 212 624 685 443 395 446 668 605
178 --> 831 323 390 416 286 679 497 628 8
179 --> 163 165 166 319 671 672 660
180 --> 693 685 281 628 248 290 454 508
181 --> 629 361 657 67 497 338 478 984 609 789 688 435 658 153
182 --> 682 633 520 677 174 724 388 563 444 803
183 --> 462 761 732 924 835 207 660
184 --> 15 851 872 391 753 336 422 343 574 681 297 868
185 --> 707 40 367 685 322 220 906 460 543 260 692 60
186 --> 882 317 849 865 539 448 940 779 151
187 --> 154 45 893 101 575 629 847 383
188 --> 406 818 79 683 206
189 --> 686 578 471 103 202 383 147 477 160 86
190 --> 997 485 225 162 228 199 711 558
191 --> 611 879 121 132 345 482
192 --> 518 993 627 90 677 539 712 217 451 212 472 728 0 214 147 291 211
193 --> 375 403 506 316 231 268 641 526 334 532
194 --> 622 563 630 87 131 215
195 --> 874 424 120 832 990 878 261 837 927 748 910 555 43 415
196 --> 676 296 80 706 273 210 500 215 986 452 935 126 115 790 802 927 859
197 --> 189 935 522 627 632 506 488 724 659
198 --> 323 813 748 64 291 795 80 472 895 99 697
199 --> 288 739 817 368 114 812 100 144 950 499
200 --> 294 307 902 141 100 99 811
201 --> 436 102 712 54 43 794 172 917 491 28
202 --> 273 685 888 330 479 354 496 962 632 348 138
203 --> 511 788 514 979 875 684
204 --> 125 769 342 336 982 731 168 632 73 826 559 185 761
205 --> 704 912 325 244 68 372 536 800 770 966 28
206 --> 461 577 214 713 837 3 323 43 691
207 --> 30 943 513 720 155 9 309 0 563 569
208 --> 540 559 652 655 810
209 --> 1 229 801 549 990 252 83 253 87 122 466 611 955 931 516
210 --> 765 480 682 343 1 609
211 --> 872 270 46 828 421 725 450 900 794 37
212 --> 243 37 480 663 931 881
213 --> 590 146 205 166 358 264 991 22 166 269
214 --> 445 684 941 999 180
215 --> 405 650 245 63 532 836 268 318 688 741 145 556 412
216 --> 641 305 279 126 24 244 199 475 124 901 605
217 --> 367 260 179 71 566 177 245 384 146 509 717 365 732 63
218 --> 946 435 242 276 127
219 --> 233 123 800 260 360 586 488 97 381 593 430 135 959 449 669 872 583
220 --> 48 687 630 605 857 792 894 357
221 --> 8 536 290 982 569 308 496 918 894
222 --> 740 843 303 692 276 866 651 92 510 956
223 --> 680 148 898 170 229 48 669 808 784 41 104
224 --> 642 661 584 650 475 417 62 106 334 190 721 358 607 808 662 776 556 9 409 773
225 --> 918 917 652 566 392 396 679 382 947 666
226 --> 425 881 791 448 921 309 16 201
227 --> 197 391 294 983 607 477 735 342 171 638
228 --> 259 415 277 338 261 167 679 166 488 879
229 --> 643 918 408 672 962 633
230 --> 26 254 59 827 606 191 94
231 --> 382 179 523 274 8 370 22 165 671 709 733 907 120 627 569
232 --> 682 381 890 277 356 5 961
233 --> 477 933 25 177 39 372 725 154 260
234 --> 923 148 190 113 434 222 872 204 672 15
235 --> 382 427 515 118 484 318 868 284 92 123 428
236 --> 553 175 489 33 323 885 549 276 328 338 873 77 210 851
237 --> 976 672 942 975 582 878 869 205 424 880 414 611 271
238 --> 99 187 944 341 155 678 477 219 500 966
239 --> 429 664 246 690 592 406 382 434
240 --> 278 761 162 872 465 334 449 249 131 690 406
241 --> 461 748 938 830 840 865 697 113
242 --> 172 665 875 864 673 177 679 149
243 --> 878 714 882 919 830 367 311 769 215 369
244 --> 534 452 469 421 312 703 661 290
245 --> 355 723 316 523 27 269 863 721 886 917 915 379
246 --> 421 885 486 60 535 750 20 42 537 728 577 857
247 --> 256 456 681 403 725 619 329 947 457 538 848 109
248 --> 769 943 166 913 969 332 935 665 913 52
249 --> 752 171 888 675 776 279 576 193 730
250 --> 780 413 248 508 273 650 353 348 382
251 --> 418 361 637 522 677 345 393 372 740
252 --> 762 829 366 544 515 710 270 833 664 89 893
253 --> 700 660 358 844 950 529 148 510 278 514 362 263 101 940
254 --> 102 117 619 916 508 604 588 962 330 964 872 810
255 --> 212 768 374 478 243 920 739 499 553 697 384
256 --> 400 48 402 760 211 71 841 320 658 450 807 0 408 830
257 --> 811 471 230 412 390 503 616 591 620 941 798
258 --> 924 389 76 183 23 28 369 233 810 805
259 --> 27 735 204 196 76 772 15 872 992 204 804
260 --> 926 53 855 101 857 805 733 195 426 985
261 --> 493 937 389 324 88 504 624 647 62
262 --> 52 577 574 214 71 157 402
263 --> 629 973 774 671 368
264 --> 565 148 398 941 59 667 889 700 677
265 --> 578 470 121 795 182 380
266 --> 599 165 280 945 529 226 568 615 459 690 761 586 185 695
267 --> 623 382 219 239 839 588 898 748 702
268 --> 465 531 518 896 59 238 76
269 --> 436 952 205 81 768 205 355 167 984 897 178 160
270 --> 917 424 943 286
271 --> 468 886 60 421 441 165 365 11 486 150 811 613
272 --> 31 824 413 698 825 987 607 592 309 557 480 845 736 491 767 889
273 --> 887 111 529 222 894 717 685 192 200
274 --> 627 327 559 251
275 --> 541 476 775 526 390 270 91 773 114 795 9 37
276 --> 156 384 291 418 433 680 421 0 407 886 516 986 88 241
277 --> 531 158 39 130 102 352 335 303 656
278 --> 265 78 380 103 435 989 466
279 --> 291 423 790 161 617 225 518 579 72
280 --> 22 634 675 93 124 401 612 653
281 --> 501 641 987 232 711 87 869 266
282 --> 695 213 825 414 681 662 815 849 745 295
283 --> 785 176 423 924 956 141 545 692 132 852 523 798
284 --> 801 122 133 374 286 827
285 --> 770 421 157 269 363 905 198 52 752 542 341 626 635 284 619 174
286 --> 247 702 723 558 592 42 76 403 129
287 --> 324 32 761 307 159 105 837
288 --> 406 110 606 125 319 823
289 --> 805 922 753 563 544
290 --> 173 360 755 76 438 638
291 --> 645 789 370 819 173 8 118 309
292 --> 658 775 636 60 14 768 66 658 263 840 68
293 --> 215 610 639 468 413 87 320 557 793 723
294 --> 919 298 861 976 62 423 188 936 13 859
295 --> 529 691 601 901 811 984 987 505 730
296 --> 783 51 380 548
297 --> 130 17 815 399 194 753 833 630 419 731 481 774 539 132 716 795 773 402
298 --> 857 355 600 101 679 439 401 371 348 77 508 406 447
299 --> 280 335 648 927 106 422 359 609 610
300 --> 875 119 422 305 100 163
301 --> 982 29 118 190 705 714 382 241 153
302 --> 310 807 192 384 921 145 937 746 174 66 257 222
303 --> 995 100 199 878 852 919 349 894 392 205 326 526 366 121
304 --> 68 356 684 201 257
305 --> 13 720 511 798 326 296 684 706 876 757 918 39 690 577 13
306 --> 711 85 698
307 --> 584 22 428 461 831 717 769 690
308 --> 533 764 132 995 759 150 916 842 97 123 10 431
309 --> 242 731 938 704 372 342 754 573 175
310 --> 349 528 596 628 547
311 --> 695 754 250 893 805 421 187 490 964
312 --> 212 138 117 706 363 613 621 116 99 254 573 18
313 --> 876 699 906 855
314 --> 720 162 884 441 334 821 996 854 166 784 164 835 202 609 497
315 --> 619 105 623 796 803 204
316 --> 598 364 344 387 924 452 999 240 512 760 827 947
317 --> 72 110 184 400 317 248 195 237 199
318 --> 389 742 200 500 815 744 348 826 416 971
319 --> 307 509 673 56 0 728 665 656 544 567 19 327 256 939 522
320 --> 433 379 778 963 105 274 731 906 288 729 554 132 911
321 --> 968 677 677 578 10 569 768 152 114 650 738
322 --> 476 523 55 756 882
323 --> 366 877 493 27 388 737 908 528 537
324 --> 727 359 493 386 850 624 885 267 910 441 375 255 699
325 --> 324 436 695 403 280 287 289 466 712 969 753 363 817
326 --> 818 616 329 434 969 27 82 765 55 45 787 292 748 519
327 --> 229 5 183 28 464 645 750 924 688 1 385 243 533
328 --> 52 386 991 158 312 921
329 --> 330 329 691 994 850 279 988 753 386
330 --> 887 230 351 56 855 465 349
331 --> 195 663 783 82 488 296 413
332 --> 21 965 692 794 7 482 397 316 919 884 191 40 795 763 184 134 3
333 --> 417 208 74 721 188 99 182 246 46 712 451 657
334 --> 206 873 426 631 331 252 854 782 790
335 --> 796 516 129 168 67 68 276 691 461 376 513 847 917
336 --> 444 302 775 786 542 500 996 307
337 --> 539 304 754 338 886 395 811 422 848 91 248 913
338 --> 571 523 19 859 516 585 725 600 660 897
339 --> 235 216 520 690 265 56 138 113 231 235
340 --> 200 491 708 535 237 121
341 --> 222 844 859 680 417 438 920 794 15 615
342 --> 995 541 685 799 612 31 423 550 737 930 693 32 453 859 390 681
343 --> 462 55 121 516 58 540 328 277 842 641 359
344 --> 757 251 378 663 596 73 8
345 --> 309 598 145 391 33 379 540 949 972
346 --> 866 718 886 521 574 703 403 572 840
347 --> 190 493 508 761 244 878 645 420 932 589 624
348 --> 171 363 193 567 307 830 880 78 43 875 71
349 --> 679 320 58 651 945 845 694 174 801 781 774 185 71 707 90 971 777
350 --> 163 204 171 906 353 71 515 781
351 --> 580 329 91 220 300 298 941 984 711 545 305 119
352 --> 888 454 101 193 430 318 796 524 403 969 606 61
353 --> 337 144 72 903 713 125 338 902 915
354 --> 883 542 815 293 931 284 310 942 462 145 465 76
355 --> 941 663 184 355 724 153 834 522 735 753
356 --> 718 933 559 405 524 110 692 366 459 569 722 344 137
357 --> 608 810 412 289 215
358 --> 9 198 523 545 237 708 379 975 874
359 --> 264 754 821 375 315 742 435 494 904 858 92 189
360 --> 307 713 606 210 351 386 888 80
361 --> 497 525 704 758 98 553 7 446 104
362 --> 33 135 964 489 537 503 382 979
363 --> 340 357 70 658 963 872 528
364 --> 249 246 190 208 690 224 369 355 54
365 --> 504 292 240 83 9 46 794 730 138 867 592 647 306
366 --> 339 929 318 3 819 165 456 392
367 --> 954 322 248 324 816
368 --> 704 347 32 238 382 674
369 --> 782 714 950 54 578 913 126 403 229
370 --> 719 425 227 859 340 921 533 993 0 789 935 238
371 --> 705 726 38 166 650 90 669 367 631 873 180 937
372 --> 183 88 809 598
373 --> 430 444 331 297 408 61 650 946 558 677
374 --> 168 373 444 980 67 173 337 356 167 654
375 --> 567 370 284 872 975 996 228 341 178 403 251 351 6 459
376 --> 497 359 682 690 253 548 391 919 143 395 100 33
377 --> 715 830 114 728 294 880 101 15 615 14 532 452
378 --> 654 3 889 631 734 918 937 843 705
379 --> 61 393 729 355 228 468 977
380 --> 573 946 554 243 196 920 602 694 335
381 --> 584 823 39 576 158 895 750
382 --> 905 202 47 868 315 137 603 851 112 578
383 --> 229 201 485 159 568 593 949 87 61 777 296 789 320 675
384 --> 52 886 531 973 369 832 176 560 541 983 558
385 --> 20 668 639 32 320 150 61 997 243
386 --> 88 630 827 610 929
387 --> 66 819 330 298 312 951 580 33 559
388 --> 497 441 753 427 752 82 439 781 811
389 --> 931 950 633 61 456 894 384
390 --> 154 408 840 371 367
391 --> 737 354 303 794 175 502 376 314 593 211 754 13 494 711
392 --> 857 726 665 0
393 --> 356 797 642 684 244 108 959 988
394 --> 71 78 747 725 139 639 804 77 395 100 232 619
395 --> 764 361 944 6 778 388 57 800 955 84 800
396 --> 616 968 145 668 972 462 382 322
397 --> 457 429 39 74 854 418 2 414 612 733 765 96 197 336 265
398 --> 779 122 591 256 866 762 47 767 697 218
399 --> 706 649 304 699 335 449 290 956 997
400 --> 295 784 370 615 460 87 269 75 206 416 185 475
401 --> 508 875 253 311 131 123 816 302 238 597 942 385
402 --> 106 937 43 67 86 520 955 857 877 828
403 --> 389 435 924 591 821 714 988 960 802 987 683
404 --> 978 179 296 809 290 634 351 794 656 407 218 410 154 801 746
405 --> 460 696 356 915 449 128 389 234
406 --> 286 273 920 171 786 95 774 876 937 700 784 394 521
407 --> 405 786 509 961 514 642 833 607
408 --> 72 876 353 766 319 894 545 821
409 --> 742 552 83 280 82 251 791 25 94 586 662 232 690 173 411
410 --> 678 100 512 934 235 875 656 263 794 195 773
411 --> 438 870 565 281 223 560 658 633 860 642
412 --> 255 794 771 123 431
413 --> 833 722 270 866 535 11 429 152 681 713 817 744 873 761
414 --> 687 147 839 788 769 539 336 444 555 41 406
415 --> 246 989 517 141 39 197 634 148
416 --> 827 643 856 913 177 218 487 734 654
417 --> 60 278 976 585 549 962 619 58 531 52 782 600 890
418 --> 644 993 730 48 329 215 454 440 64
419 --> 96 966 430 565 132 883
420 --> 384 437 6 859 234 774 261 50 141 958 162 221 508
421 --> 771 80 460 791 992 674 4 513 312 899 66
422 --> 129 252 248 894 982 358 762 524 621
423 --> 555 571 404 722 270 324 276 676
424 --> 93 37 486 521 830 44
425 --> 409 135 97 73 967 167 712 566 979 828
426 --> 576 340 739 736 569 539 824 552 394
427 --> 28 279 30 826 312 89 174 521 175 479 115 871
428 --> 516 708 943 470 101 171 976 481 711 686
429 --> 615 836 576 668 543 15 472 993 869 571 173 706
430 --> 171 329 575 763 528 652 863
431 --> 467 477 121 675 47 39 881 615 341
432 --> 74 474 852 776 479 345 781 503 993 997 637
433 --> 694 44 766 570 572 13 926 529 308 136 31 66 307 833 967
434 --> 533 753 947 838 662
435 --> 247 590 889 440 668 736 576 528 588 0
436 --> 652 62 132 320 470 18 797 58 553 99 39 967 368 24 283
437 --> 542 154 635 883 889 839 119 257
438 --> 416 617 672 86 536 497 857 86 972
439 --> 125 868 341 516 819 958 750 25 245 393
440 --> 633 776 873 247 315 122 754 110 372 790 721 328 967 940
441 --> 469 713 795 706 596 852 51 201
442 --> 799 888 374 685 291 26 828
443 --> 405 612 824 346 271 638 964
444 --> 776 924 728 296 116 100 148 434 983 519
445 --> 807 722 810 48 197 165 132
446 --> 540 912 320 246 676 595
447 --> 315 141 879 964 678 498
448 --> 830 930 169 50 78 279 963 475 708 101 114
449 --> 71 515 217 467 160 869 824 20 657 50
450 --> 813 820 839 724 375 661 403 442 271 531 23 499 830 775
451 --> 960 212 294 527 27 131 100 346 3
452 --> 829 573 128 312 436 717 761 411 759 675 658
453 --> 315 79 259 355
454 --> 862 251 714 895 883 110 155 190 867 715 339 564 927 216 986 555 461
455 --> 507 94 901 203 884 896 126 103 874 960
456 --> 494 219 142 980 710 543 60 355 320 370 619 647
457 --> 891 610 857 72 774 182
458 --> 479 930 372 298 706 217 652 330 903 499
459 --> 138 498 150 950 164 775 142 232
460 --> 50 769 504 807 580 822 300 286 179 761
461 --> 88 791 750 110 521
462 --> 438 658 666 924 581 702 975 632 663 411 545
463 --> 912 887 934 394 642 888 980 562 955 77 371 424
464 --> 137 372 924 927 338 872 123 478 764 440 203 918 684
465 --> 980 298 4 447
466 --> 760 447 805 65 838 926 791 404 93
467 --> 566 349 603 949 84 816 997 302 726 40 132
468 --> 118 157 34 669 328 958 4 26 343 641
469 --> 692 232 57 555 388 256
470 --> 203 498 728 991 196 576 231 253 232 540 179
471 --> 822 995 457 329 950 699 242 681 3
472 --> 267 277 929 473 959 801 864 762 262 920
473 --> 944 368 681 634 82 763 204 869 167 942 39 754 686 619 124 74 783
474 --> 215 819 46 820 919 379 868 818
475 --> 232 758 649 875 853 707 528 398 67 682 287
476 --> 487 615 31 157 658 431 16 729 542
477 --> 116 180 743 487 723 668 666 285
478 --> 224 751 641 400 655 6 775 233 189 992 809 460 270 842
479 --> 104 204 18 943 366 391 224 589 180 797
480 --> 149 745 49 981 727 257 934
481 --> 466 486 807 796 739 305 37 431 224 776
482 --> 984 594 78 393 923 441 897 692 634 254 877 795 166 856 835
483 --> 476 478 311 373 137 103 121 930 669 783 939 573 314 949
484 --> 477 519 745 801 852 0
485 --> 951 565 770 509 154 202 79 253
486 --> 48 386 97 793 676 522 939 547 419 761 665 137
487 --> 864 902 394 912 529 926 795 376 398 20 209 307
488 --> 691 539 527 352 498 944 783 70 947 839
489 --> 559 886 575 217 0 749 245 563 372 217 759
490 --> 229 438 127 878 112 531 261 227 583 438 422
491 --> 547 499 201 556 604 871 571 481 255 349 254
492 --> 359 839 501 442 143 468 102 556 409 104 176 808 916 840 142
493 --> 355 885 573 679 890 266 20 903 537
494 --> 53 167 315 983 639 369 165 558 909 160 713 472
495 --> 357 199 34 809 423 391
496 --> 952 45 264 56 420 164 149 530 797 895 897 176 301 585 112 347 306
497 --> 424 690 500 591 890 643 456 405 828 720 366 205 70 683 750 348 893 955 937
498 --> 37 189 294 51 993 271 382 767 351 639 92 320 683
499 --> 626 42 906 0 294 284 746
500 --> 828 566 340 553 898 318 519 633 397 653
501 --> 495 532 100 893 75 157 432 137 744 350 213 164 916 270 138
502 --> 62 974 711 952 558 274 285 336 946 342
503 --> 336 479 55 985 218 665 220 44 77 522 293 544 422
504 --> 872 881 382 807 561 856 562 632 893 57 972 656 376 686
505 --> 185 561 450 80 112 355 952 645 914
506 --> 360 342 965 936 119 512 809 162 575 718
507 --> 256 955 199 358 854 547 758 263
508 --> 570 305 851 236 853 918 543 740
509 --> 687 641 383 178 159 264 171 244 532 710 625
510 --> 729 9 450 958 337 84 515
511 --> 818 936 106 346 27 535 309 431 270 650 351 405 507
512 --> 704 841 623 893 353 817 32 86
513 --> 54 652 343 709 987 714 905 132 253
514 --> 719 746 200 300 342 750 705
515 --> 907 350 189 593 315 590 817 342 381 905
516 --> 455 481 227 997 459 573 592 208 626 24 107
517 --> 787 140 640 334 256 723 68
518 --> 355 21 165 207 889 286 347 169
519 --> 870 995 840 239 20 183 702 609 393
520 --> 751 339 568 910 858 911 573 832 710 463 986 717 455
521 --> 341 178 12 550 782 965 348 956 170 112 306
522 --> 197 226 611 200 514 1 579 655 503 601 534 180
523 --> 274 377 807 703 796 947 927 373 33
524 --> 956 48 484 862 887 25 59 217 402 691 958 909 713 878 805 854
525 --> 79 27 622 22 175 489 382 295 918
526 --> 601 237 649 312 343 105 704 928
527 --> 0 135 755 119 113 40 970 427 575 918 869
528 --> 837 483 706 927 944 687 278 312 110 699 701 241 220
529 --> 384 989 555 697 242 96 739 704 682 18 315 629
530 --> 369 905 178 359 176 166 678 428 693
531 --> 623 862 667 110 846 5 507 752 296
532 --> 44 326 63 830 556 581 403 15 45 532 427 767 433 407
533 --> 45 305 69 394 561 95 913 662 110 248 728 824 685 153 431 126
534 --> 96 632 864 196 322 833 311
535 --> 317 402 605 183 950 452 680 482 17 614 736
536 --> 148 136 563 491 125 180 371 733 987 237 409 459 711 836
537 --> 980 533 476 493 69 521 103 804 127 580 774 187 581
538 --> 675 284 432 600 858 258 60 654 252 625 577
539 --> 220 304 291 191 33 754 102 998 375 906 314 433 933 681
540 --> 663 462 35 134 317 171 593 165 256 915 810 348 746
541 --> 64 226 127 794 851 461 842 488 197
542 --> 349 663 952 149 813 808 238 102 708 275 859 696 780 615 865
543 --> 897 702 227 160 83 58 271 873 893
544 --> 448 621 370 371 597 48 902 610 29 573 345 89 839
545 --> 642 836 732 748 790 323 872 124 769 464 385 195 599 362
546 --> 670 443 112 914 430 401 31
547 --> 787 0 740 592 915 397 344 0
548 --> 833 321 296 541 475 730 803 599 512 297
549 --> 810 587 50 424 569 627 156 995 476
550 --> 401 380 720 417 103 487 356 43 923 995 862 566
551 --> 565 805 12 987 106 972
552 --> 873 272 549 514 127 924 909
553 --> 579 738 581 447 911 153 311 551 59
554 --> 502 652 591 481 878 471 833 344 280 974 903
555 --> 711 761 551 880 390 407
556 --> 878 624 919 439 148 78 41 150 748 392 470
557 --> 711 659 869 500 123 558 683 900
558 --> 968 365 887 534 75 138 642 777 645
559 --> 503 709 1 95 559 324 760 931 415 883 353 971 231 357 794 350
560 --> 44 748 357 308 199 825 204 812 675
561 --> 40 455 886 752 375 732 200 120 628 808 138
562 --> 13 610 947 664 604 194 582 677 92 775 186 964 717 76 78 167
563 --> 50 252 701 148 679 236 453 622
564 --> 239 39 302 32 976 765 960 696 923 72 733
565 --> 132 869 795 846 329 674 100 514 172 392
566 --> 437 622 4 833 81 74 135 334 710 115 303 300 559
567 --> 938 101 249 949 547 818 745 192 358 276 905
568 --> 220 504 826 709 83 964 337
569 --> 703 975 443 759 727 952 673 550 932 64 998 679 680 921
570 --> 675 582 804 652 82 153 915 572
571 --> 528 572 10 557 943 294 123
572 --> 373 677 139 432 878 667 165
573 --> 390 140 874 737 477 248 953
574 --> 416 324 526 17 861 974 548 54 696 326
575 --> 3 801 656 953 556 100 192 24 566 250
576 --> 53 957 982 751 546 680 725 99 718 22 267
577 --> 875 660 711 572 371 753 795 346 478 437 588 376
578 --> 796 438 61 335 148 702 17
579 --> 52 224
580 --> 487 597 687 10 50 968 517 557 756 549 160 71
581 --> 736 573 703 398 912 630 900 364 520 532 662 674
582 --> 583 914 326 883 785 871 302 416 205 403
583 --> 536 574 139 853 585 749 660 717 748
584 --> 871 127 899 947 350 530 866 237 265 460
585 --> 243 431 106 125 681 292 765 102 589
586 --> 799 48 931 255 57 144 250 577
587 --> 418 947 781 259 798 257 284 120 489 134 485 255 270
588 --> 213 490 106 983 510 513 992
589 --> 208 313 208 466 635 520 519
590 --> 428 777 813 338 962 324 497 212 294 371 239 611 367
591 --> 602 380 195 526 155 471 565
592 --> 386 607 541 993 82 387 377 892 354 908 578 376 917 817
593 --> 825 164 530 552 709 225 580
594 --> 131 971 751 689 627 798 594 747 165 243
595 --> 287 70 826 855 470 666 623 621 176 933 685 961 968 246 18
596 --> 922 925 999 960 307 703 433 383 87 853 631 427 39
597 --> 584 385 650 801 560 253
598 --> 760 951 99 880 738 534 471 382 931 395 401
599 --> 346 323 622 872 678 11
600 --> 127 219 63 231 808 756 132
601 --> 568 283 585 704 200 581 755 775 228 841 300 752
602 --> 51 462 173 366 312
603 --> 252 16 759 846 153 517
604 --> 639 481 224 62 324 527 268 93
605 --> 694 769 667 776 850 406 208 984 448 2 209 307 547 886
606 --> 784 719 982 232 173 255 866 487 249 586 639 824 160 747 121
607 --> 770 488 702 613 617 435 46 332 924 93 655
608 --> 335 449 121 687 659 473 799 993 930
609 --> 192 17 175 879 940 18 29 33 85 318 980 805 674 338
610 --> 404 575 33 373 1 597 364 519 220 644
611 --> 410 843 927 674
612 --> 768 637 75 954 687 12 882 303 327 608 186 927
613 --> 626 560 16 953 598 578 884 229 270 249 951 989 686
614 --> 39 389 402 118 519 49 869 489 548 957
615 --> 149 173 255 431 323 108 994 826 245 809 482 333 976 250
616 --> 104 107 428 317 282 620 283 225 113 995 336 86 99
617 --> 990 430 514 969 696 621 412 747 788 486 866 120
618 --> 664 631 844 458 9 243 962 51 326
619 --> 9 308 341 35 836 918 533 862 140 17 424
620 --> 682 276 588 610 821
621 --> 306 471 381 311 608 181 219 421 475 902
622 --> 223 731 195 15 979 455 359 613
623 --> 942 352 201 273 539
624 --> 952 202 493 379 147 469 757 294
625 --> 502 14 930 909 575 305 569 494 37 327 82 373
626 --> 286 553 200 497 40 463 856 55 383 11 777
627 --> 266 258 276 947 507 931 252 489 193 895
628 --> 389 458 461 142 6 70 792 462 494 723 495 308 721
629 --> 225 649 127 343 171 813 955 452 511
630 --> 899 396 893 641 725 646 515 885 175 271 753 493 506 925 545 888 996
631 --> 654 642 575 52 1 741 894 172 501 944 738 717 656 46 660 788
632 --> 816 836 536 898 65 888 741 958 421 252 138 584
633 --> 537 385 629 307 182 41 994 537
634 --> 344 380 415 725 681 372
635 --> 586 87 474 470 389 352 296
636 --> 30 428 578 955 906 795 775 384 19 291 141 947 753 819 501 373
637 --> 690 773 646 42 52 589 446 386 808 806
638 --> 856 984 214 448 991 816 564 662 531 867 490 593
639 --> 308 84 703 754 157 107 217 440 156 239
640 --> 783 563 851 14 718 872 985 504 705 381 906
641 --> 557 625 805 995 60 456 529 572 334 692 550
642 --> 977 184 603 2 394 194 398 511 739 221
643 --> 165 568 264 868 259 839 69 479
644 --> 959 775 28 780 297 134 16 952 532 408 518 898
645 --> 12 455 861 306 219 818 953 875 803 913
646 --> 467 662 875 576 125 53 706
647 --> 887 587 581 193 417 304 615
648 --> 626 352 182 247 680 756 480 374 877 665 430 946 539
649 --> 885 365 316 408 201 571 113
650 --> 870 748 745 200 694 751 617 449
651 --> 406 879 667 353 456 25 722 893 564 500 860 871 385
652 --> 151 800 93 726 458 703 502 971
653 --> 957 515 678 676 959 931 902 131 124 16 503
654 --> 356 107 169 835 661 794 469 870 645 509 708
655 --> 299 314 833 363 418 62 769 748 571 590 746 264 362 575 222
656 --> 823 269 734 177 120 68 855 287 216 421 485 529 637 265
657 --> 20 412 219 140 57 170 759 178 410 316
658 --> 611 500 771 123 925 907 368 255 618 957 987 675 929
659 --> 734 887 16 849 156 317 96 493 190 664
660 --> 628 28 396 446 953 44 486 508 757 968 512
661 --> 204 657 895 785 850 996 712
662 --> 38 67 73 982 114 472 955 103 327
663 --> 187 983 561 341 504 912
664 --> 48 948 360 224 576 205 603 607 684 569 58 591 458 178 323
665 --> 622 372 485 132 915 440 939 207 529 269 337 89
666 --> 435 434 464 217 474 858
667 --> 906 232 256 83 118 142 890 46 718 697
668 --> 605 190 271 84 513 813 863 505
669 --> 721 362 160 103 108 607 185 25 278 465 711 634 579 513
670 --> 363 661 875 335 574 642 180
671 --> 442 332 430 665 915 79 903
672 --> 711 10 976 161 357 222 490 192 347 446 716 177 364 842
673 --> 565 423 898 561 896 381 699 575 196
674 --> 798 143 681 316 574 369 206 857 664 818 933
675 --> 219 137 511 334 638 564 80 584 403 929 794 775 818 704 496 574
676 --> 836 817 642 571 906 919 504
677 --> 412 264 520 784 558 399 396 803 347 657 74
678 --> 80 954 407 701 295 105 299 733 662 307
679 --> 144 27 257 814 104 617
680 --> 932 959 988 42 284 862 967 458 727
681 --> 144 783 708 76 402 14 904 551 261 809 184 78 671 895
682 --> 969 647 672 516 658 500 730 731 423 616 276
683 --> 239 794 918 259 558 933 116 417 105 458
684 --> 491 474 302 294 702 833 803 928 574 342 432 65 571
685 --> 74 782 330 597 138 796 349 448
686 --> 609 681 142 59 38 186
687 --> 538 601 692 257 105 868 797 857 646
688 --> 660 886 569 867 250 72
689 --> 19 211 580 719 47 408 460
690 --> 303 275 625 924
691 --> 415 542 884 707 307 739
692 --> 433 633 367 719 815 196 156 193 789 260
693 --> 248 579 265 483 763 596 326 452 663 936 769 414 332 453
694 --> 254 494 824 521 313 263 442 988 899 824 286
695 --> 583 495 192 363 729 889 988 168 467 474 129 328 581 299 104 817 171
696 --> 211 388 146 72 446 132 430 653 249
697 --> 295 329 895 86 688 132 26 366 94 262 942 220
698 --> 834 830 196 347 970 597 392 812 8
699 --> 452 192 840 416 213 539
700 --> 189 400 274 486 622 297 605 702 979 549 926 224 780
701 --> 848 137 178 398 881 340 911
702 --> 298 775 457 329 677 112 3 447
703 --> 660 643 209 832 615 286 72 928
704 --> 229 965 600 403 165 699 72 565 630 546 391 256 637
705 --> 129 18 981 716 576 854 166
706 --> 817 454 791 588 230 875 769 981 418 821 155 197
707 --> 902 689 942 508 173 360 539 600 829 138
708 --> 633 834 882 373 272 59 284 328 575 159 918
709 --> 281 229 572 316 264 683 449
710 --> 485 573 979 442 933 575 377 555 305 335 196
711 --> 485 743 984 471 519 691 902 416
712 --> 714 245 187 641 976
713 --> 327 52 262 816 619 997 600 931 450 343 45
714 --> 590 566 685 949 446 856 72
715 --> 400 652 133 783 15 598 284 121 901 191 433 622 321 15 859 487
716 --> 251 202 640 551 972 657 581 847 767 75 564 61 299 136 220 82 0 783
717 --> 914 873 284 278 740 728 9 475 875 43 740
718 --> 300 176 524 81 264
719 --> 906 563 957 938 377 71 399 111 795 196 776 277 272 419
720 --> 834 605 435 201 636 571 537 876 680 841 997 928
721 --> 170 912
722 --> 231 584 894 457 170 370 153 337 882
723 --> 589 876 607 797 184 109 320 920 667
724 --> 41 75 726 461 593 235 274 784 254 577 536
725 --> 339 717 836 433 504 38 954 278 817 131 993
726 --> 537 525 782 196 741 284 947 402 564 882 812
727 --> 545 559 567 287 369 814 99 447
728 --> 266 224 193 450 622 878
729 --> 243 355 993 130 993 413 791 459 889 944
730 --> 754 10 626 95 103 270 776 900 992 554 798 102
731 --> 397 296 489 180 670 196 91 296 375 774 349 670 28 500 639 477 231
732 --> 109 805 651 728 303 41
733 --> 702 570 33 532 180 326 810 667 255
734 --> 100 86 7 548 936 298 348 761 939 335 871 635 953 500 6 990
735 --> 978 931 77 427
736 --> 988 830 448 396 902 244 699
737 --> 742 496 598 671 93 496 626 733 944 824 945
738 --> 453 187 15 995 786 972 109 316 439
739 --> 14 552 332 362 497
740 --> 640 488 837 947 438
741 --> 460 982 271 415 841 10 847 204
742 --> 136 668 892 112 311 404
743 --> 520 396 719 731 370 828 998 307 89 768 707 931
744 --> 541 502 244 556 95 616 10 272 338 29 988 672 837 881
745 --> 853 118 453 99 876 965 998 36 130 873 822 942 154
746 --> 487 908 669 613 823 722 261 815 350 339
747 --> 447 769 74 149 419 551 250 697
748 --> 502 781 213 939 961 231 124 376 78 946
749 --> 446 473 539 263 25
750 --> 610 907 285 236 115 461 757 86 935
751 --> 532 111 730 65 587 50 405 115 145 472
752 --> 408 677 302 742 812 39 345 19
753 --> 175 509 309 689 499 369 316 553 182 343 18
754 --> 267 49 455 625 415 580 353 865 926 787 928 107 835
755 --> 261 984 103 594 238 455 258 717 989 655 250 122
756 --> 318 574 266 211 786 547 114 180 257 892
757 --> 588 651 382 529 440 824 925 642
758 --> 577 461 840 869 817 781 329 146 626 250 287 94
759 --> 98 673 764 106 79 291 369 576 229 220 296 507 171 162
760 --> 544 363 536 449 500 280 381 807 825
761 --> 606 429 570 168 669 827
762 --> 495 250 109 199 266 86 857 530 444 697 186
763 --> 237 636 63 951 584 786 724 251 478 900 518 587 479
764 --> 178 993 273 659 205 263 45 494 231 974 128 25
765 --> 334 774 99 990 447 723 554
766 --> 848 170 323 356 212 167 915 473 186 605
767 --> 872 211 575 742
768 --> 932 21 58 946 284 307 309 501 576 447 132 725 704
769 --> 523 248 563 472 859
770 --> 216 356 517 302 259 392 270 80 945
771 --> 885 762 896 306 703 30
772 --> 536 152 865 828 146 54 965 433 455
773 --> 352 740 909 99 618 767 31
774 --> 340 371 286 331 86 826 242 235 10 89 728
775 --> 474 832 695 676 281 774 317 697 282 292 333 977
776 --> 364 807 246 327 289 234 269
777 --> 428 27 558 211 747 754 295
778 --> 913 813 124 635 800
779 --> 851 657 635 886 827 717 630 422 185
780 --> 505 639 999 306 787 433 766 670 258 342
781 --> 853 533 269 690 992 493 308 142 152
782 --> 588 633 294 222 217 970 985 684 31
783 --> 843 390 730 170 716 294 99 388 147
784 --> 588 101 728 361 426 834 325 294
785 --> 673 448 799 15 62 497 658 822 94 633 458
786 --> 398 593 946 420 648 706 54 609 619
787 --> 151 32 28 641 199 157 551 715 888
788 --> 433 536 862 751 979 140
789 --> 685 108 170 275 248 347 339 777
790 --> 131 573 392 230 507 271 676 247 158 108 789 507 838
791 --> 208 375 118 967 212 269 833 870 793 930 840 589
792 --> 183 442 542 37 531 280 91 528
793 --> 969 927 914 309 582 581 922 302 917 610 246 920 104 627 220 614
794 --> 240 984 493 893 331 220 493 947 145 434 393
795 --> 316 548 604 924 852 486 395 534 597 103
796 --> 462 655 425 461 586 98 133 193 771 269 711
797 --> 956 655 465 352 64 431
798 --> 166 603 851 526 756 1 868 848 21 50 311 236 360 376
799 --> 255 177 574 440 947 407 70 880 834 507
800 --> 670 547 629 708 52 82 605 112 66 576 65 548 399 81
801 --> 576 92 963 699 903 671 520 495 304 925 393 346 924 842 897 267
802 --> 921 797 897 57 104
803 --> 662 152 753 165 519 398 986 239 460 128 516
804 --> 350 930 883 777 887 92 263 940
805 --> 407 761 519 576 25 258 203 11 202
806 --> 319 860 482 665 82 788 340 470 327 505
807 --> 880 704 206 856 907 1 168 839 436 825 693 816 468
808 --> 778 347 203 736 118 631 186 714 993 526 990
809 --> 749 193 378 665 396 203 68 209 0 433 774 493 767 654
810 --> 235 539 978 150 910 609 560 981 906
811 --> 317 249 834 814 249 111 760 193 943 915 602 410
812 --> 834 15 851 86 323 275 711 39 609 808 862 871
813 --> 580 997 945 842 794 91 77
814 --> 703 678 96 3 351 601 628 72 936 714 752 126
815 --> 202 771 7 34 586 713 400 549 853
816 --> 908 227 490 645 976 293 952 840 754 997 564
817 --> 249 920 665 415 294 874 952 349 544 546 713 603
818 --> 296 585 917 766
819 --> 690 551 701 592 344 797 144 625 86 940 669
820 --> 567 916 649 831 191 590 471 630 54 144 587 278 150 221
821 --> 422 388 253 892 478 823 513 348 675 690 777 949 616 230
822 --> 487 843 43 901 67 13
823 --> 884 690 861 478 238 937 36 568
824 --> 200 712 38 79 969 766 517 113 631 999 431
825 --> 378 480 328 984 331 140 125 664 466 153 343 300 210 833
826 --> 552 757 911 226 528 586 467 390 219 676 190 490 766 345 368 874 866 971 879 158
827 --> 962 909 536 505 12 249 696 989 996 808 648
828 --> 161 891 651 919 702 600 657
829 --> 29 390 320 527 851 351 356 325 129 625 240 637
830 --> 402 896 102 516 97 849 523 977 957 711 556 641 533 752 662
831 --> 427 377 316 661 738 886
832 --> 216 485 965 296 526
833 --> 405 453 200 488 42 496 227 982 912 375 485
834 --> 775 909 275 857 15 860 704 78 833
835 --> 488 933 905 133 352 582 349 981
836 --> 328 801 104 495 177 840 897 139 379 100
837 --> 840 685 843 602 951 231 771 647 636 860
838 --> 192 213 456 549 301 231 155 362 603 191 941
839 --> 521 707 474 853 310 95 795 624 530
840 --> 159 25
841 --> 8 931 550 436 923 139 847 515 919 496
842 --> 68 727 920 521 830 621 813 217 958 588 858 800 234 624
843 --> 400 831 874 701 629 71 286 294 254 232 505 715 241 656 300 6
844 --> 386 678 239 219 416 671 904 286 666
845 --> 280 881 21 69 961 660 253 771 769
846 --> 729 183 151 953 936 275 720 233 559 54 10 601 576
847 --> 936 533 480 884 189 229 95 924 645 934 111
848 --> 764 832 113 858 492 413 492 88 700
849 --> 605 419 132 85 449 72 714 366 489 668 434 81 406 465 927
850 --> 843 758 86 674 562 112 91 91 360 110 542 227 935
851 --> 574 426 835 48 393 502 396 828 472
852 --> 884 175 268 67 986 810 155 942
853 --> 37 905 984 373 684 952 877
854 --> 681 135 351 333 819 606 108 443 313
855 --> 238 62 489 339 471
856 --> 481 765 237 838 606 712 295 964 134 712 585 168
857 --> 422 535 295 717 667 113 653 71 501 456 338
858 --> 588 392 862 220 592 688
859 --> 780 560 878 18 164 0 884 60 396 208 38 541 395 864 813
860 --> 795 765 765 433 486 801 804 213 242 195 965 577 302
861 --> 515 882 319 736 959 197 854 574
862 --> 689 885 284 653 221 267 256 892 178 463
863 --> 88 683 559 444 67 704 983 234
864 --> 139 718 94 7 904 416 625 817 179
865 --> 664 472 841 370 906 172 628 399 198 83 63
866 --> 513 912 556 721 882 547 263 447
867 --> 460 352 459 502 725 492 847 929 709 520 105 629 767
868 --> 673 606 810 830 330 750 579 3 179 865 866 925 827
869 --> 9 277 630 139 755 580 880 391 211 460 705 625
870 --> 344 437 493 619 751 455 844 561 733 597 610 332
871 --> 348 835 964 534 959
872 --> 818 810 950 234 676 605 208
873 --> 573 9 814 725 169 448 524
874 --> 354 284 448 905 878 161 584
875 --> 265 317 273 113 918 547 700 440 186
876 --> 852 390 245 168 3 971 334 213 878 173 367 903
877 --> 795 821 238 103 185 571 876 531
878 --> 602 758 641 971 598 808 886 969 361 528 600 175 379 281
879 --> 203 362 549 630 391 112 791 112 524 760 687 901 373
880 --> 961 619 889 838 198 255 144 29 43 456
881 --> 184 531 579 571 405 448 200 170 576 86 391 538 921 745 382
882 --> 302 198 467 530 784 883
883 --> 705 385 665 254 758 435 495 815
884 --> 795 837 708 747 661 660 982 212 818
885 --> 914 430 714 859 262 421 585 361 165 451 416
886 --> 573 575 769 728 32 933 285 160 639
887 --> 978 911 753 535 742 411 561 577 803
888 --> 405 229 336 809 151 749 80 707 784 563 186
889 --> 119 161 793 808 389 759 975 609
890 --> 603 426 583 871 874 595 376 938 736 151 546
891 --> 770 928 545 764 221 796 206
892 --> 609 998 1 403 987 523 644 755 397 202 301 28 56 766 540
893 --> 241 593 40 64 300 142 803 299
894 --> 42 173 270 891 241 418 518
895 --> 458 892 848 981 794 805 381 783 358 587 897
896 --> 112 632 425 592 748 901 211 830 755 118 45 481 722 537
897 --> 299 536 433 391 507 541 926 437 836 835 947
898 --> 283 289 910 463 302 585
899 --> 628 716 98 935 698 304
900 --> 570 38 171 130 152 340 186
901 --> 581 496 219 876 174 744 192 525 642 815
902 --> 187 282 12 520 944 6 212 632 216 582 804 600
903 --> 853 134 21 853 995 246 360 275 990 183 371 959 245
904 --> 588 322 647 336 331 160 782 328 574 790 426 176
905 --> 403 378 856 206
906 --> 587 557 807 935 844 550
907 --> 30 656 357 110 970 531 651 474
908 --> 834 990 200 76 397 243 238 17 724 675 841 136
909 --> 412 815 793 849 332 997 335 385 987 452
910 --> 770 41 823 790 158 819 259 123 882 464 428
911 --> 528 275 406 440 788 37 439 608 52 328 918 126 936 983
912 --> 124 681 588 47 656 905 506 291 212 601 641 718 893 949 892 25
913 --> 610 110 651 250 100 359 762 592 292 45
914 --> 315 982 578 159 531 676
915 --> 690 399 130 161 491 948 784 913
916 --> 338 683 476 575 198 345 328 827 185 70 167 323 216 41 83
917 --> 805 67 803 322 548 832 194 932 322 103 393
918 --> 956 879 622 9 113 5 602
919 --> 71 974 203 27 265 716 715 855
920 --> 139 986 770 629 83 748 131 494 48 587 886 91 677
921 --> 373 737 893 454 631 986 934 121 673
922 --> 459 601 533 562 49 878 782 727
923 --> 333 737 933 822 302 77 300 344 203 777
924 --> 351 242 26 946 85 512 306 2 932
925 --> 48 609 600 74 323 755 526 79 6 470 605 113
926 --> 936 438 0 513 561 550 406
927 --> 70 287 506 329 155 845 185 511
928 --> 381 356 977 896 4 922 670 897 369 856 804 98
929 --> 418 575 178 725 532 500 90 902 186 732 508 430 439 981 803
930 --> 886 408 497 575 708 328 666
931 --> 791 521 755 111 733 631 995 890 756
932 --> 588 255 842 201 370 698 435 723 971 848 193 866 944 649
933 --> 736 892 521 974 488 96 120 145 423 876 755
934 --> 736 585 173 741 822 285 965 947 677 523 613 490
935 --> 599 493 894 527 603
936 --> 533 243 816 935 433 601 138
937 --> 742 638 900 475 375 376 497 890 538 321 720 330 460
938 --> 539 187 57 702 619 578 273
939 --> 30 350 53 121 353 432 283 797 677 974 445
940 --> 190 508 182 98 628 478 195 903
941 --> 25 459 814 639 513 666 323
942 --> 140 35 426 850 165 14 166 896 591 943 452 642 931 469 825
943 --> 52 20 411 855 423 860 100 782 599 89 39
944 --> 655 786 316 689 990 906 897 85 640 337
945 --> 274 278 760 569 16 449 742 152 753 202 957 17 492 297
946 --> 930 658 909 593 909 143 620 468 129 860
947 --> 316 537 822 894 396 978 330 702 234 548 204 462 10 737
948 --> 930 141 68 913 665
949 --> 468 750 803 315 814 168 780 397 228 507 910 740
950 --> 59 819 949 212 206
951 --> 728 980 803 996 845 364
952 --> 799 984 526 518 402 828 471 664 892
953 --> 213 951 302 553 23 618 305 513 406
954 --> 318 702 99 56 668 170 619 965 735
955 --> 552 798 166 55 641 692 962 472 704 735 32 159 819
956 --> 764 706 672 368
957 --> 672 398 427 253 636 465 357 308 586 259 624 572 559
958 --> 552 147 142
959 --> 834 685 459 417 86 580 102 213 669 674 232
960 --> 473 875 825 920 529 25 422 188 507 908 144 281 376
961 --> 283 23 134 876 946 49 412 707 937 718
962 --> 694 813 728 422 842 631 237 401 448 737
963 --> 868 850 237 758 159 821 133 325 406 531 548
964 --> 594 665 790 627 697 314 399 825 694 346 838
965 --> 57 984 396 971 284 848 726 934 939 881
966 --> 267 73 874 266 544 134 808 742 814 21 867 720 332
967 --> 279 341 586 101 825 736 384 603 594 607
968 --> 535 237 446 309 249 491 170 856 330 935 446 275 485
969 --> 204 841 871 511 75 531 751 451 180 926 723
970 --> 576 759 208 607 201 339 650 646 45 183 536 781
971 --> 630 243 488 704 519 749 852 238 467 706 984 679 52 905
972 --> 864 74 599 353 847 407 624 965 988 353 121
973 --> 536 852 621 342 616 394 2 816 886 681 995 135 357 228 355
974 --> 240 837 372 30 382 487 381 900 204
975 --> 404 199 732 928 277 47 112 571 644 998
976 --> 198 945 861 682 231 721 210 9 206 485 704 959 666
977 --> 315 367 204 347 567 945 555 360 367 984 644 874
978 --> 306 884 314 427 971 494 590 245 51
979 --> 793 309 94 648 332 861 941 108 848 146 918 387 955 885 601 634 148
980 --> 748 319 661 362 117 133 530 191 263 353 320 208 422
981 --> 371 933 481 494 202 497 761 363 867 772 18
982 --> 495 292 677 57 14 364 740 350 531 671 717
983 --> 378 721 579 399 935 228 373 774 777 507 388 659 130 575 649 391
984 --> 953 554 553 224 520 797 254 355 363 509 239 772 452 938
985 --> 472 177 406 780 211 431 735 357
986 --> 169 158 160 250 546 616 315 377
987 --> 85 326 993 955 945 699 10 539 988 803 923 296
988 --> 121 889 795 772 692 720
989 --> 143 978 200 992 296 507 527 385
990 --> 993 707 370 465 275 913 911 911 281 385 567 289 128 711
991 --> 499 482 643 740 11 297 361 45
992 --> 904 995 982 408 215 612 251 248 51 564 270 749 912
993 --> 674 467 204 787 93 577 470 516 888 77 32 465 277 619
994 --> 941 798 589 765 664 974 77 706 775 477 668
995 --> 853 804 955 681 687 168 578 20 238 539 790 857
996 --> 7 802 582 866 436 458 881 183 896 676 478 140 544 721
997 --> 757 865 254 580 833 394 933 687 81 479 505 793 958
998 --> 595 364 714 883 131 763 253
999 --> 668 386 909 18 787 150 763 399 912 34
